64.37756512597933 55.995472370617726 -39.335873447802605 -18.969508987307915 -28.08195012678121 56.76839256610647 -21.38844130169366 0.7686536661740573 -72.42147028239907 4.392537920886486 -26.391052714140994 33.0097039527554 -77.36709287519888 21.14154200219961 -44.442708425317015 87.05312799885616
-61.62908669966026 25.373684636417025 -79.84014686379581 44.76431392855452 10.069606598012747 11.352739717386784 96.73070041722137 94.0767456977459 -68.18905443163048 -42.89299180874622 -3.7581035407219243 -17.480985442841746 -36.57766162058497 63.26830829331801 -67.00606485203431 -47.15028057785523
-95.27121049557958 14.213135843372926 70.99182703034202 -89.80015573245313 -68.23447375117536 -30.466796689336906 -69.20710473610986 80.39706764799153 71.85360537188275 90.09539582906334 -3.8398183175393785 75.1578251767149 -0.5414317041604555 -51.260401513425045 66.02957165968944 16.35680329222661
48.75973839064772 79.94455937249462 -52.94005792219879 96.03948939298358 13.129004864535698 -44.4531460312393 -26.192063422579725 -80.25070067298665 -61.95995467744332 -85.79620668008879 -79.95340971309835 -43.46345755610881 -15.208207645751182 48.7001694914472 -28.64583185334584 -48.985994184725435
-83.61168300545167 6.515555333615708 -75.80763948241359 -71.28201965365379 13.091140810689906 12.16762186732211 28.684403653596068 0.711772730096405 61.918551026012594 -73.1907157500871 -14.499907470340577 43.27542978548051 94.312017609521 94.02557857821115 -19.24399828538266 -59.75651316087334
88.99965330155477 4.37997333544935 -41.461215556658715 -30.80822348905552 -3.191293934075967 10.726859115807885 95.54727969703124 40.29154698781958 -74.3375983311097 -68.71499220206783 50.679255109815124 -35.74738427128435 87.12050538500236 -73.43379200524353 -39.075983436289384 -69.52886367815537
53.59842339744688 49.78241481447584 -94.09649871806741 92.82694923523394 77.67518625785424 52.510386886878955 54.51666186462247 32.87771629489878 80.8513687680269 -90.42151422553391 -5.645096211920908 90.00870848069331 -45.242364785620126 -16.605444769246127 89.78378375289975 -72.39240739935458
44.79614934174078 -25.25794069807622 86.59350236398816 -23.254028589649433 11.364083002311842 -79.77902165081743 -86.62267919979037 53.253641850184195 -17.267926365350263 85.36424404804418 -22.416675084213423 -49.25893173715771 -34.57401115196165 -48.567587649867974 56.79008714563993 29.986506850785254
77.63821957387378 -39.17674983329428 -55.626927823186826 -3.8767635285017477 64.59706728097105 -58.107327485409584 -24.738530310155106 83.87477654893615 78.25842619462648 -30.676544348533596 -56.264407276627225 36.169985306797706 -48.44676975980147 75.78319903673186 -68.21906074021302 51.423311463324616
-26.09772652328708 20.159654163971872 94.96651217514712 -52.06345384945663 -66.00953076809641 -87.69364470030345 -99.89490436554104 -49.61985475502878 91.68183450355814 70.5694569542727 -34.18029039364367 -17.58782075441555 -80.09553566718888 40.605508319759856 2.0399928025821135 -51.547809081533394
-90.35061199498666 -29.770229779539314 -52.270113836505416 -22.686065641222754 -8.928579687864113 95.57667130018267 -71.67786491748438 -46.06142722522183 -4.288132200631145 -43.910730239104836 83.44089839815754 39.35132390121181 -25.216821438236625 -95.0100038064316 -97.07964199142366 30.16677559468982
-28.351003016261167 59.603835243662374 30.47734542859334 -81.17336770977678 -93.56903149879844 32.76473873780683 63.76155452909639 53.52465253531039 -26.44711522480102 38.38507230317977 54.490236766221756 -55.385985942935235 77.61122444920598 -4.383842810989835 7.493490873428921 -67.99383203798764
-73.07877019531539 18.586471898498214 -88.73849853858503 62.652500364421115 -85.89999546836738 20.484680824296152 -80.44803970346668 -67.87513283460407 -83.14269230461103 0.3348193471926497 -4.286445918835846 41.57306778544958 26.286028964396092 33.47418004436893 35.149976260330774 -40.08485731744054
38.422959149016634 27.574780642166886 -80.0235441688417 -27.03138624681599 56.109621338381274 55.12293221021013 17.605765840549402 -45.830662742319504 -9.743874184195256 -80.54325740175923 44.95334388099612 -23.796080514683627 -45.71005776991629 -35.501664883241965 77.0667271100037 24.669700682256803
93.82693538001153 82.76108903986832 -14.393195369698496 -9.732311274454775 14.60332472133441 -93.12315747037478 28.375705467592592 -21.44990139798304 -63.06237987645184 -31.386170551877225 -14.302217554666917 5.450404164180167 18.03302111503249 91.35552954717116 -16.46037811636566 -31.514463268400494
17.210174905096565 5.491647610844829 19.806385776657077 12.393810510689852 -91.21824304969317 35.88425233533199 -25.972382397762406 -85.65283139299905 14.125652711588621 -78.23437350347976 28.84440321091004 72.73605309442034 76.25467082014542 73.41231149519513 12.029973488442137 9.222592844992672
